E	chi
1.0000E-05	2.1499E-12
1.5000E-05	2.6331E-12
2.0000E-05	3.0405E-12
3.5000E-05	4.0222E-12
5.0000E-05	4.8075E-12
7.5000E-05	5.8880E-12
1.0000E-04	6.7989E-12
1.5000E-04	8.3269E-12
2.0000E-04	9.6151E-12
3.5000E-04	1.2719E-11
5.0000E-04	1.5202E-11
7.5000E-04	1.8619E-11
1.0000E-03	2.1499E-11
1.5000E-03	2.6331E-11
2.0000E-03	3.0405E-11
3.5000E-03	4.0222E-11
5.0000E-03	4.8075E-11
7.5000E-03	5.8880E-11
1.0000E-02	6.7989E-11
1.5000E-02	8.3269E-11
2.0000E-02	9.6151E-11
3.5000E-02	1.2719E-10
5.0000E-02	1.5202E-10
7.5000E-02	1.8619E-10
1.0000E-01	2.1499E-10
1.5000E-01	2.6331E-10
2.0000E-01	3.0405E-10
3.5000E-01	4.0222E-10
5.0000E-01	4.8075E-10
7.5000E-01	5.8880E-10
1.0000E+00	6.7989E-10
1.5000E+00	8.3269E-10
2.0000E+00	9.6151E-10
3.5000E+00	1.2720E-09
5.0000E+00	1.5203E-09
7.5000E+00	1.8619E-09
1.0000E+01	2.1500E-09
1.1000E+01	2.2466E-09
1.2000E+01	2.3433E-09
1.3000E+01	2.4399E-09
1.4000E+01	2.5365E-09
1.5000E+01	2.6332E-09
1.6000E+01	2.7146E-09
1.7000E+01	2.7961E-09
1.8000E+01	2.8776E-09
1.9000E+01	2.9590E-09
2.0000E+01	3.0405E-09
2.1000E+01	3.1060E-09
2.2000E+01	3.1714E-09
2.3000E+01	3.2369E-09
2.4000E+01	3.3023E-09
2.5000E+01	3.3677E-09
2.6000E+01	3.4332E-09
2.7000E+01	3.4986E-09
2.8000E+01	3.5641E-09
2.9000E+01	3.6295E-09
3.0000E+01	3.6950E-09
3.1000E+01	3.7604E-09
3.2000E+01	3.8258E-09
3.3000E+01	3.8913E-09
3.4000E+01	3.9567E-09
3.5000E+01	4.0222E-09
3.6000E+01	4.0745E-09
3.7000E+01	4.1269E-09
3.8000E+01	4.1792E-09
3.9000E+01	4.2316E-09
4.0000E+01	4.2839E-09
4.1000E+01	4.3363E-09
4.2000E+01	4.3886E-09
4.3000E+01	4.4410E-09
4.4000E+01	4.4933E-09
4.5000E+01	4.5456E-09
4.6000E+01	4.5980E-09
4.7000E+01	4.6503E-09
4.8000E+01	4.7027E-09
4.9000E+01	4.7550E-09
5.0000E+01	4.8074E-09
5.1000E+01	4.8506E-09
5.2000E+01	4.8938E-09
5.3000E+01	4.9370E-09
5.4000E+01	4.9802E-09
5.5000E+01	5.0234E-09
5.6000E+01	5.0667E-09
5.7000E+01	5.1099E-09
5.8000E+01	5.1531E-09
5.9000E+01	5.1963E-09
6.0000E+01	5.2395E-09
6.1000E+01	5.2827E-09
6.2000E+01	5.3259E-09
6.3000E+01	5.3691E-09
6.4000E+01	5.4124E-09
6.5000E+01	5.4556E-09
6.6000E+01	5.4988E-09
6.7000E+01	5.5420E-09
6.8000E+01	5.5852E-09
6.9000E+01	5.6284E-09
7.0000E+01	5.6716E-09
7.1000E+01	5.7148E-09
7.2000E+01	5.7581E-09
7.3000E+01	5.8013E-09
7.4000E+01	5.8445E-09
7.5000E+01	5.8877E-09
7.6000E+01	5.9241E-09
7.7000E+01	5.9606E-09
7.8000E+01	5.9970E-09
7.9000E+01	6.0334E-09
8.0000E+01	6.0698E-09
8.1000E+01	6.1063E-09
8.2000E+01	6.1427E-09
8.3000E+01	6.1791E-09
8.4000E+01	6.2156E-09
8.5000E+01	6.2520E-09
8.6000E+01	6.2884E-09
8.7000E+01	6.3248E-09
8.8000E+01	6.3613E-09
8.9000E+01	6.3977E-09
9.0000E+01	6.4341E-09
9.1000E+01	6.4705E-09
9.2000E+01	6.5070E-09
9.3000E+01	6.5434E-09
9.4000E+01	6.5798E-09
9.5000E+01	6.6163E-09
9.6000E+01	6.6527E-09
9.7000E+01	6.6891E-09
9.8000E+01	6.7255E-09
9.9000E+01	6.7620E-09
1.0000E+02	6.7984E-09
1.1000E+02	7.1039E-09
1.2000E+02	7.4094E-09
1.3000E+02	7.7150E-09
1.4000E+02	8.0205E-09
1.5000E+02	8.3260E-09
1.6000E+02	8.5835E-09
1.7000E+02	8.8411E-09
1.8000E+02	9.0986E-09
1.9000E+02	9.3561E-09
2.0000E+02	9.6137E-09
2.1000E+02	9.8205E-09
2.2000E+02	1.0027E-08
2.3000E+02	1.0234E-08
2.4000E+02	1.0441E-08
2.5000E+02	1.0648E-08
2.6000E+02	1.0855E-08
2.7000E+02	1.1062E-08
2.8000E+02	1.1268E-08
2.9000E+02	1.1475E-08
3.0000E+02	1.1682E-08
3.1000E+02	1.1889E-08
3.2000E+02	1.2096E-08
3.3000E+02	1.2303E-08
3.4000E+02	1.2509E-08
3.5000E+02	1.2716E-08
3.6000E+02	1.2882E-08
3.7000E+02	1.3047E-08
3.8000E+02	1.3212E-08
3.9000E+02	1.3378E-08
4.0000E+02	1.3543E-08
4.1000E+02	1.3709E-08
4.2000E+02	1.3874E-08
4.3000E+02	1.4039E-08
4.4000E+02	1.4205E-08
4.5000E+02	1.4370E-08
4.6000E+02	1.4536E-08
4.7000E+02	1.4701E-08
4.8000E+02	1.4866E-08
4.9000E+02	1.5032E-08
5.0000E+02	1.5197E-08
5.1000E+02	1.5334E-08
5.2000E+02	1.5470E-08
5.3000E+02	1.5607E-08
5.4000E+02	1.5743E-08
5.5000E+02	1.5879E-08
5.6000E+02	1.6016E-08
5.7000E+02	1.6152E-08
5.8000E+02	1.6289E-08
5.9000E+02	1.6425E-08
6.0000E+02	1.6562E-08
6.1000E+02	1.6698E-08
6.2000E+02	1.6835E-08
6.3000E+02	1.6971E-08
6.4000E+02	1.7108E-08
6.5000E+02	1.7244E-08
6.6000E+02	1.7381E-08
6.7000E+02	1.7517E-08
6.8000E+02	1.7654E-08
6.9000E+02	1.7790E-08
7.0000E+02	1.7927E-08
7.1000E+02	1.8063E-08
7.2000E+02	1.8200E-08
7.3000E+02	1.8336E-08
7.4000E+02	1.8473E-08
7.5000E+02	1.8609E-08
7.6000E+02	1.8724E-08
7.7000E+02	1.8839E-08
7.8000E+02	1.8954E-08
7.9000E+02	1.9069E-08
8.0000E+02	1.9184E-08
8.1000E+02	1.9299E-08
8.2000E+02	1.9414E-08
8.3000E+02	1.9529E-08
8.4000E+02	1.9644E-08
8.5000E+02	1.9759E-08
8.6000E+02	1.9874E-08
8.7000E+02	1.9989E-08
8.8000E+02	2.0104E-08
8.9000E+02	2.0219E-08
9.0000E+02	2.0334E-08
9.1000E+02	2.0449E-08
9.2000E+02	2.0564E-08
9.3000E+02	2.0679E-08
9.4000E+02	2.0794E-08
9.5000E+02	2.0909E-08
9.6000E+02	2.1024E-08
9.7000E+02	2.1139E-08
9.8000E+02	2.1254E-08
9.9000E+02	2.1369E-08
1.0000E+03	2.1484E-08
1.1000E+03	2.2447E-08
1.2000E+03	2.3411E-08
1.3000E+03	2.4375E-08
1.4000E+03	2.5338E-08
1.5000E+03	2.6302E-08
1.6000E+03	2.7114E-08
1.7000E+03	2.7925E-08
1.8000E+03	2.8737E-08
1.9000E+03	2.9548E-08
2.0000E+03	3.0360E-08
2.1000E+03	3.1010E-08
2.2000E+03	3.1660E-08
2.3000E+03	3.2311E-08
2.4000E+03	3.2961E-08
2.5000E+03	3.3612E-08
2.6000E+03	3.4262E-08
2.7000E+03	3.4913E-08
2.8000E+03	3.5563E-08
2.9000E+03	3.6214E-08
3.0000E+03	3.6864E-08
3.1000E+03	3.7515E-08
3.2000E+03	3.8165E-08
3.3000E+03	3.8815E-08
3.4000E+03	3.9466E-08
3.5000E+03	4.0116E-08
3.6000E+03	4.0635E-08
3.7000E+03	4.1153E-08
3.8000E+03	4.1672E-08
3.9000E+03	4.2190E-08
4.0000E+03	4.2709E-08
4.1000E+03	4.3227E-08
4.2000E+03	4.3746E-08
4.3000E+03	4.4264E-08
4.4000E+03	4.4783E-08
4.5000E+03	4.5301E-08
4.6000E+03	4.5820E-08
4.7000E+03	4.6338E-08
4.8000E+03	4.6857E-08
4.9000E+03	4.7375E-08
5.0000E+03	4.7894E-08
5.1000E+03	4.8320E-08
5.2000E+03	4.8746E-08
5.3000E+03	4.9172E-08
5.4000E+03	4.9598E-08
5.5000E+03	5.0024E-08
5.6000E+03	5.0450E-08
5.7000E+03	5.0877E-08
5.8000E+03	5.1303E-08
5.9000E+03	5.1729E-08
6.0000E+03	5.2155E-08
6.1000E+03	5.2581E-08
6.2000E+03	5.3007E-08
6.3000E+03	5.3433E-08
6.4000E+03	5.3859E-08
6.5000E+03	5.4286E-08
6.6000E+03	5.4712E-08
6.7000E+03	5.5138E-08
6.8000E+03	5.5564E-08
6.9000E+03	5.5990E-08
7.0000E+03	5.6416E-08
7.1000E+03	5.6842E-08
7.2000E+03	5.7268E-08
7.3000E+03	5.7694E-08
7.4000E+03	5.8121E-08
7.5000E+03	5.8547E-08
7.6000E+03	5.8904E-08
7.7000E+03	5.9261E-08
7.8000E+03	5.9618E-08
7.9000E+03	5.9975E-08
8.0000E+03	6.0333E-08
8.1000E+03	6.0690E-08
8.2000E+03	6.1047E-08
8.3000E+03	6.1404E-08
8.4000E+03	6.1761E-08
8.5000E+03	6.2118E-08
8.6000E+03	6.2476E-08
8.7000E+03	6.2833E-08
8.8000E+03	6.3190E-08
8.9000E+03	6.3547E-08
9.0000E+03	6.3904E-08
9.1000E+03	6.4261E-08
9.2000E+03	6.4619E-08
9.3000E+03	6.4976E-08
9.4000E+03	6.5333E-08
9.5000E+03	6.5690E-08
9.6000E+03	6.6047E-08
9.7000E+03	6.6404E-08
9.8000E+03	6.6762E-08
9.9000E+03	6.7119E-08
1.0000E+04	6.7476E-08
1.1000E+04	7.0522E-08
1.2000E+04	7.3568E-08
1.3000E+04	7.6614E-08
1.3750E+04	7.8898E-08
1.4000E+04	7.9555E-08
1.5000E+04	8.2184E-08
1.6000E+04	8.4813E-08
1.7000E+04	8.7442E-08
1.7500E+04	8.8757E-08
1.8000E+04	8.9872E-08
1.9000E+04	9.2102E-08
2.0000E+04	9.4332E-08
2.1000E+04	9.6562E-08
2.2000E+04	9.8793E-08
2.3000E+04	1.0102E-07
2.4000E+04	1.0325E-07
2.5000E+04	1.0548E-07
2.6000E+04	1.0749E-07
2.6204E+04	1.0790E-07
2.6828E+04	1.0913E-07
2.7000E+04	1.0946E-07
2.7466E+04	1.1037E-07
2.8000E+04	1.1140E-07
2.8120E+04	1.1163E-07
2.8789E+04	1.1290E-07
2.9000E+04	1.1330E-07
2.9474E+04	1.1419E-07
3.0000E+04	1.1516E-07
3.0176E+04	1.1549E-07
3.0894E+04	1.1680E-07
3.1000E+04	1.1699E-07
3.1629E+04	1.1812E-07
3.2000E+04	1.1878E-07
3.2382E+04	1.1946E-07
3.3000E+04	1.2054E-07
3.3152E+04	1.2081E-07
3.3941E+04	1.2218E-07
3.4000E+04	1.2228E-07
3.4749E+04	1.2356E-07
3.5000E+04	1.2398E-07
3.5576E+04	1.2495E-07
3.6000E+04	1.2566E-07
3.6423E+04	1.2636E-07
3.7000E+04	1.2731E-07
3.7289E+04	1.2778E-07
3.8000E+04	1.2893E-07
3.8177E+04	1.2922E-07
3.9000E+04	1.3053E-07
3.9085E+04	1.3067E-07
4.0000E+04	1.3211E-07
4.0016E+04	1.3213E-07
4.0968E+04	1.3361E-07
4.1000E+04	1.3366E-07
4.1943E+04	1.3511E-07
4.2000E+04	1.3519E-07
4.2941E+04	1.3662E-07
4.3000E+04	1.3671E-07
4.3963E+04	1.3814E-07
4.4000E+04	1.3820E-07
4.5000E+04	1.3967E-07
4.5009E+04	1.3968E-07
4.6000E+04	1.4112E-07
4.6080E+04	1.4123E-07
4.7000E+04	1.4255E-07
4.7177E+04	1.4280E-07
4.8000E+04	1.4396E-07
4.8300E+04	1.4438E-07
4.9000E+04	1.4536E-07
4.9449E+04	1.4598E-07
5.0000E+04	1.4674E-07
5.0626E+04	1.4759E-07
5.1000E+04	1.4810E-07
5.1831E+04	1.4922E-07
5.2000E+04	1.4945E-07
5.3000E+04	1.5078E-07
5.3064E+04	1.5087E-07
5.4000E+04	1.5210E-07
5.4327E+04	1.5252E-07
5.5000E+04	1.5340E-07
5.5620E+04	1.5420E-07
5.6000E+04	1.5468E-07
5.6944E+04	1.5589E-07
5.7000E+04	1.5596E-07
5.8000E+04	1.5721E-07
5.8299E+04	1.5759E-07
5.9000E+04	1.5846E-07
5.9686E+04	1.5931E-07
6.0000E+04	1.5969E-07
6.1000E+04	1.6091E-07
6.1107E+04	1.6104E-07
6.2000E+04	1.6212E-07
6.2561E+04	1.6279E-07
6.3000E+04	1.6332E-07
6.4000E+04	1.6450E-07
6.4050E+04	1.6456E-07
6.5000E+04	1.6567E-07
6.5574E+04	1.6634E-07
6.6000E+04	1.6683E-07
6.7000E+04	1.6798E-07
6.7135E+04	1.6814E-07
6.8000E+04	1.6912E-07
6.8732E+04	1.6995E-07
6.9000E+04	1.7025E-07
7.0000E+04	1.7136E-07
7.0368E+04	1.7177E-07
7.1000E+04	1.7247E-07
7.2000E+04	1.7357E-07
7.2043E+04	1.7361E-07
7.3000E+04	1.7465E-07
7.3757E+04	1.7547E-07
7.4000E+04	1.7573E-07
7.5000E+04	1.7679E-07
7.5513E+04	1.7734E-07
7.6000E+04	1.7785E-07
7.7000E+04	1.7890E-07
7.7310E+04	1.7923E-07
7.8000E+04	1.7994E-07
7.9000E+04	1.8097E-07
7.9149E+04	1.8113E-07
8.0000E+04	1.8199E-07
8.1000E+04	1.8301E-07
8.1033E+04	1.8304E-07
8.2000E+04	1.8401E-07
8.2962E+04	1.8497E-07
8.3000E+04	1.8501E-07
8.4000E+04	1.8600E-07
8.4936E+04	1.8692E-07
8.5000E+04	1.8698E-07
8.6000E+04	1.8795E-07
8.6957E+04	1.8888E-07
8.7000E+04	1.8892E-07
8.8000E+04	1.8988E-07
8.9000E+04	1.9083E-07
8.9027E+04	1.9086E-07
9.0000E+04	1.9177E-07
9.1000E+04	1.9271E-07
9.1145E+04	1.9284E-07
9.2000E+04	1.9363E-07
9.3000E+04	1.9456E-07
9.3314E+04	1.9485E-07
9.4000E+04	1.9547E-07
9.5000E+04	1.9638E-07
9.5535E+04	1.9687E-07
9.6000E+04	1.9728E-07
9.7000E+04	1.9817E-07
9.7809E+04	1.9890E-07
9.8000E+04	1.9906E-07
9.9000E+04	1.9994E-07
1.0000E+05	2.0082E-07
1.0014E+05	2.0094E-07
1.0252E+05	2.0300E-07
1.0496E+05	2.0507E-07
1.0746E+05	2.0716E-07
1.1000E+05	2.0924E-07
1.1001E+05	2.0925E-07
1.1263E+05	2.1137E-07
1.1531E+05	2.1349E-07
1.1806E+05	2.1562E-07
1.2000E+05	2.1711E-07
1.2087E+05	2.1777E-07
1.2374E+05	2.1993E-07
1.2669E+05	2.2210E-07
1.2970E+05	2.2428E-07
1.3000E+05	2.2449E-07
1.3279E+05	2.2647E-07
1.3595E+05	2.2868E-07
1.3919E+05	2.3089E-07
1.4000E+05	2.3143E-07
1.4250E+05	2.3311E-07
1.4589E+05	2.3534E-07
1.4936E+05	2.3758E-07
1.5000E+05	2.3798E-07
1.5292E+05	2.3982E-07
1.5656E+05	2.4208E-07
1.6000E+05	2.4417E-07
1.6028E+05	2.4434E-07
1.6410E+05	2.4661E-07
1.6800E+05	2.4888E-07
1.7000E+05	2.5002E-07
1.7200E+05	2.5116E-07
1.7609E+05	2.5345E-07
1.8000E+05	2.5558E-07
1.8028E+05	2.5573E-07
1.8457E+05	2.5803E-07
1.8897E+05	2.6032E-07
1.9000E+05	2.6085E-07
1.9346E+05	2.6262E-07
1.9807E+05	2.6491E-07
2.0000E+05	2.6586E-07
2.0278E+05	2.6721E-07
2.0761E+05	2.6951E-07
2.1000E+05	2.7062E-07
2.1255E+05	2.7180E-07
2.1761E+05	2.7410E-07
2.2000E+05	2.7516E-07
2.2278E+05	2.7639E-07
2.2809E+05	2.7868E-07
2.3000E+05	2.7948E-07
2.3351E+05	2.8096E-07
2.3907E+05	2.8323E-07
2.4000E+05	2.8360E-07
2.4476E+05	2.8550E-07
2.5000E+05	2.8753E-07
2.5059E+05	2.8776E-07
2.5655E+05	2.9001E-07
2.6000E+05	2.9128E-07
2.6265E+05	2.9225E-07
2.6891E+05	2.9448E-07
2.7000E+05	2.9486E-07
2.7530E+05	2.9670E-07
2.8000E+05	2.9828E-07
2.8186E+05	2.9890E-07
2.8856E+05	3.0108E-07
2.9000E+05	3.0154E-07
2.9543E+05	3.0325E-07
3.0000E+05	3.0465E-07
3.0246E+05	3.0540E-07
3.0966E+05	3.0753E-07
3.1000E+05	3.0763E-07
3.1703E+05	3.0964E-07
3.2000E+05	3.1046E-07
3.2457E+05	3.1173E-07
3.3000E+05	3.1318E-07
3.3230E+05	3.1379E-07
3.4000E+05	3.1577E-07
3.4021E+05	3.1583E-07
3.4830E+05	3.1783E-07
3.5000E+05	3.1824E-07
3.5659E+05	3.1981E-07
3.6000E+05	3.2059E-07
3.6508E+05	3.2176E-07
3.7000E+05	3.2284E-07
3.7377E+05	3.2367E-07
3.8000E+05	3.2499E-07
3.8266E+05	3.2555E-07
3.9000E+05	3.2704E-07
3.9177E+05	3.2739E-07
4.0000E+05	3.2898E-07
4.0109E+05	3.2920E-07
4.1000E+05	3.3084E-07
4.1064E+05	3.3096E-07
4.2000E+05	3.3261E-07
4.2041E+05	3.3268E-07
4.3000E+05	3.3428E-07
4.3042E+05	3.3435E-07
4.4000E+05	3.3587E-07
4.4066E+05	3.3598E-07
4.5000E+05	3.3738E-07
4.5115E+05	3.3756E-07
4.6000E+05	3.3882E-07
4.6188E+05	3.3908E-07
4.7000E+05	3.4017E-07
4.7287E+05	3.4056E-07
4.8000E+05	3.4145E-07
4.8413E+05	3.4197E-07
4.9000E+05	3.4267E-07
4.9565E+05	3.4333E-07
5.0000E+05	3.4381E-07
5.0745E+05	3.4463E-07
5.1000E+05	3.4489E-07
5.1952E+05	3.4586E-07
5.2000E+05	3.4591E-07
5.3000E+05	3.4686E-07
5.3189E+05	3.4703E-07
5.4000E+05	3.4774E-07
5.4454E+05	3.4813E-07
5.5000E+05	3.4857E-07
5.5750E+05	3.4917E-07
5.6000E+05	3.4935E-07
5.7000E+05	3.5007E-07
5.7077E+05	3.5012E-07
5.8000E+05	3.5072E-07
5.8435E+05	3.5101E-07
5.9000E+05	3.5133E-07
5.9826E+05	3.5181E-07
6.0000E+05	3.5190E-07
6.1000E+05	3.5241E-07
6.1250E+05	3.5253E-07
6.2000E+05	3.5286E-07
6.2707E+05	3.5317E-07
6.3000E+05	3.5328E-07
6.4000E+05	3.5365E-07
6.4200E+05	3.5373E-07
6.5000E+05	3.5397E-07
6.5728E+05	3.5419E-07
6.6000E+05	3.5426E-07
6.7000E+05	3.5450E-07
6.7292E+05	3.5457E-07
6.8000E+05	3.5469E-07
6.8893E+05	3.5485E-07
6.9000E+05	3.5486E-07
7.0000E+05	3.5497E-07
7.0533E+05	3.5503E-07
7.1000E+05	3.5505E-07
7.2000E+05	3.5511E-07
7.2211E+05	3.5512E-07
7.3000E+05	3.5511E-07
7.3930E+05	3.5510E-07
7.4000E+05	3.5509E-07
7.5000E+05	3.5503E-07
7.5689E+05	3.5498E-07
7.6000E+05	3.5494E-07
7.7000E+05	3.5481E-07
7.7490E+05	3.5475E-07
7.8000E+05	3.5466E-07
7.9000E+05	3.5447E-07
7.9335E+05	3.5441E-07
8.0000E+05	3.5425E-07
8.1000E+05	3.5402E-07
8.1223E+05	3.5396E-07
8.2000E+05	3.5374E-07
8.3000E+05	3.5345E-07
8.3156E+05	3.5340E-07
8.4000E+05	3.5311E-07
8.5000E+05	3.5277E-07
8.5135E+05	3.5272E-07
8.6000E+05	3.5238E-07
8.7000E+05	3.5199E-07
8.7161E+05	3.5192E-07
8.8000E+05	3.5155E-07
8.9000E+05	3.5111E-07
8.9235E+05	3.5100E-07
9.0000E+05	3.5063E-07
9.1000E+05	3.5013E-07
9.1359E+05	3.4996E-07
9.2000E+05	3.4961E-07
9.3000E+05	3.4907E-07
9.3533E+05	3.4879E-07
9.4000E+05	3.4852E-07
9.5000E+05	3.4793E-07
9.5759E+05	3.4749E-07
9.6000E+05	3.4734E-07
9.7000E+05	3.4671E-07
9.8000E+05	3.4609E-07
9.8038E+05	3.4606E-07
9.9000E+05	3.4542E-07
1.0000E+06	3.4475E-07
1.0037E+06	3.4451E-07
1.0276E+06	3.4281E-07
1.0521E+06	3.4099E-07
1.0771E+06	3.3903E-07
1.1000E+06	3.3715E-07
1.1027E+06	3.3693E-07
1.1290E+06	3.3469E-07
1.1558E+06	3.3231E-07
1.1833E+06	3.2979E-07
1.2000E+06	3.2822E-07
1.2115E+06	3.2713E-07
1.2403E+06	3.2433E-07
1.2699E+06	3.2139E-07
1.3000E+06	3.1832E-07
1.3001E+06	3.1831E-07
1.3310E+06	3.1508E-07
1.3627E+06	3.1172E-07
1.3951E+06	3.0821E-07
1.4000E+06	3.0768E-07
1.4283E+06	3.0457E-07
1.4623E+06	3.0079E-07
1.4971E+06	2.9687E-07
1.5000E+06	2.9654E-07
1.5327E+06	2.9281E-07
1.5692E+06	2.8863E-07
1.6000E+06	2.8507E-07
1.6066E+06	2.8432E-07
1.6448E+06	2.7987E-07
1.6839E+06	2.7531E-07
1.7000E+06	2.7343E-07
1.7240E+06	2.7062E-07
1.7650E+06	2.6582E-07
1.8000E+06	2.6173E-07
1.8070E+06	2.6090E-07
1.8501E+06	2.5588E-07
1.8941E+06	2.5075E-07
1.9000E+06	2.5006E-07
1.9392E+06	2.4552E-07
1.9853E+06	2.4020E-07
2.0000E+06	2.3852E-07
2.0326E+06	2.3480E-07
2.0809E+06	2.2931E-07
2.1000E+06	2.2716E-07
2.1304E+06	2.2374E-07
2.1811E+06	2.1811E-07
2.2000E+06	2.1604E-07
2.2331E+06	2.1241E-07
2.2862E+06	2.0666E-07
2.3000E+06	2.0519E-07
2.3406E+06	2.0087E-07
2.3963E+06	1.9503E-07
2.4000E+06	1.9465E-07
2.4533E+06	1.8916E-07
2.5000E+06	1.8445E-07
2.5117E+06	1.8327E-07
2.5715E+06	1.7736E-07
2.6000E+06	1.7461E-07
2.6327E+06	1.7145E-07
2.6953E+06	1.6553E-07
2.7000E+06	1.6510E-07
2.7595E+06	1.5963E-07
2.8000E+06	1.5600E-07
2.8252E+06	1.5375E-07
2.8924E+06	1.4789E-07
2.9000E+06	1.4725E-07
2.9612E+06	1.4208E-07
3.0000E+06	1.3890E-07
3.0317E+06	1.3630E-07
3.1000E+06	1.3089E-07
3.1039E+06	1.3059E-07
3.1777E+06	1.2493E-07
3.2000E+06	1.2329E-07
3.2533E+06	1.1935E-07
3.3000E+06	1.1603E-07
3.3308E+06	1.1384E-07
3.4000E+06	1.0911E-07
3.4100E+06	1.0843E-07
3.4912E+06	1.0311E-07
3.5000E+06	1.0255E-07
3.5743E+06	9.7892E-08
3.6000E+06	9.6347E-08
3.6593E+06	9.2786E-08
3.7000E+06	9.0456E-08
3.7464E+06	8.7798E-08
3.8000E+06	8.4874E-08
3.8356E+06	8.2933E-08
3.9000E+06	7.9592E-08
3.9269E+06	7.8199E-08
4.0000E+06	7.4600E-08
4.0203E+06	7.3600E-08
4.1000E+06	6.9888E-08
4.1160E+06	6.9143E-08
4.2000E+06	6.5444E-08
4.2139E+06	6.4830E-08
4.3000E+06	6.1257E-08
4.3142E+06	6.0667E-08
4.4000E+06	5.7316E-08
4.4169E+06	5.6656E-08
4.5000E+06	5.3608E-08
4.5220E+06	5.2801E-08
4.6000E+06	5.0122E-08
4.6296E+06	4.9104E-08
4.7000E+06	4.6845E-08
4.7398E+06	4.5566E-08
4.8000E+06	4.3765E-08
4.8526E+06	4.2190E-08
4.9000E+06	4.0870E-08
4.9681E+06	3.8974E-08
5.0000E+06	3.8149E-08
5.0863E+06	3.5919E-08
5.1000E+06	3.5592E-08
5.2000E+06	3.3200E-08
5.2074E+06	3.3024E-08
5.3000E+06	3.0979E-08
5.3313E+06	3.0288E-08
5.4000E+06	2.8892E-08
5.4582E+06	2.7709E-08
5.5000E+06	2.6929E-08
5.5881E+06	2.5285E-08
5.6000E+06	2.5081E-08
5.7000E+06	2.3372E-08
5.7211E+06	2.3012E-08
5.8000E+06	2.1780E-08
5.8572E+06	2.0887E-08
5.9000E+06	2.0279E-08
5.9966E+06	1.8906E-08
6.0000E+06	1.8862E-08
6.1000E+06	1.7572E-08
6.1393E+06	1.7065E-08
6.2000E+06	1.6356E-08
6.2854E+06	1.5359E-08
6.3000E+06	1.5205E-08
6.4000E+06	1.4152E-08
6.4350E+06	1.3783E-08
6.5000E+06	1.3167E-08
6.5881E+06	1.2332E-08
6.6000E+06	1.2231E-08
6.7000E+06	1.1382E-08
6.7449E+06	1.1000E-08
6.8000E+06	1.0582E-08
6.9000E+06	9.8233E-09
6.9055E+06	9.7819E-09
7.0000E+06	9.1427E-09
7.0698E+06	8.6710E-09
7.1000E+06	8.4897E-09
7.2000E+06	7.8897E-09
7.2380E+06	7.6616E-09
7.3000E+06	7.3328E-09
7.4000E+06	6.8022E-09
7.4103E+06	6.7476E-09
7.5000E+06	6.3282E-09
7.5866E+06	5.9231E-09
7.6000E+06	5.8682E-09
7.7000E+06	5.4577E-09
7.7672E+06	5.1819E-09
7.8000E+06	5.0640E-09
7.9000E+06	4.7049E-09
7.9520E+06	4.5181E-09
8.0000E+06	4.3680E-09
8.1000E+06	4.0550E-09
8.1413E+06	3.9258E-09
8.2000E+06	3.7663E-09
8.3000E+06	3.4947E-09
8.3350E+06	3.3995E-09
8.4000E+06	3.2469E-09
8.5000E+06	3.0120E-09
8.5334E+06	2.9335E-09
8.6000E+06	2.7987E-09
8.7000E+06	2.5964E-09
8.7365E+06	2.5226E-09
8.8000E+06	2.4124E-09
8.9000E+06	2.2388E-09
8.9444E+06	2.1617E-09
9.0000E+06	2.0793E-09
9.1000E+06	1.9310E-09
9.1572E+06	1.8461E-09
9.2000E+06	1.7932E-09
9.3000E+06	1.6695E-09
9.3752E+06	1.5765E-09
9.4000E+06	1.5505E-09
9.5000E+06	1.4456E-09
9.5983E+06	1.3425E-09
9.6000E+06	1.3410E-09
9.7000E+06	1.2521E-09
9.8000E+06	1.1632E-09
9.8267E+06	1.1395E-09
9.9000E+06	1.0812E-09
1.0000E+07	1.0089E-09
1.0100E+07	9.3669E-10
1.0200E+07	8.7409E-10
1.0300E+07	8.1149E-10
1.0400E+07	7.5620E-10
1.0500E+07	7.0092E-10
1.0600E+07	6.5316E-10
1.0700E+07	6.0541E-10
1.0800E+07	5.6417E-10
1.0900E+07	5.2292E-10
1.1000E+07	4.8729E-10
1.1100E+07	4.5166E-10
1.1200E+07	4.2090E-10
1.1300E+07	3.9013E-10
1.1400E+07	3.6355E-10
1.1500E+07	3.3697E-10
1.1600E+07	3.1401E-10
1.1700E+07	2.9105E-10
1.1800E+07	2.7122E-10
1.1900E+07	2.5139E-10
1.2000E+07	2.3427E-10
1.2100E+07	2.1714E-10
1.2200E+07	2.0235E-10
1.2300E+07	1.8755E-10
1.2400E+07	1.7477E-10
1.2500E+07	1.6199E-10
1.2600E+07	1.5096E-10
1.2700E+07	1.3992E-10
1.2800E+07	1.3039E-10
1.2900E+07	1.2086E-10
1.3000E+07	1.1262E-10
1.3100E+07	1.0439E-10
1.3200E+07	9.7020E-11
1.3400E+07	8.3800E-11
1.3500E+07	7.7882E-11
1.3600E+07	7.2576E-11
1.3700E+07	6.7270E-11
1.3800E+07	6.2687E-11
1.3900E+07	5.8104E-11
1.4000E+07	5.4145E-11
1.4100E+07	5.0186E-11
1.4200E+07	4.6642E-11
1.4400E+07	4.0287E-11
1.4600E+07	3.4798E-11
1.4800E+07	3.0303E-11
1.4950E+07	2.6933E-11
1.5000E+07	2.6062E-11
1.5200E+07	2.2580E-11
1.5300E+07	2.0839E-11
1.5400E+07	1.9494E-11
1.5600E+07	1.6802E-11
1.5650E+07	1.6129E-11
1.5800E+07	1.4566E-11
1.6000E+07	1.2481E-11
1.6200E+07	1.0869E-11
1.6350E+07	9.6597E-12
1.6400E+07	9.3475E-12
1.6600E+07	8.0989E-12
1.6700E+07	7.4746E-12
1.6800E+07	6.9919E-12
1.7000E+07	6.0264E-12
1.7050E+07	5.7851E-12
1.7200E+07	5.2242E-12
1.7400E+07	4.4764E-12
1.7600E+07	3.8982E-12
1.7750E+07	3.4646E-12
1.7800E+07	3.3526E-12
1.8000E+07	2.9048E-12
1.8100E+07	2.6809E-12
1.8200E+07	2.5078E-12
1.8400E+07	2.1614E-12
1.8450E+07	2.0749E-12
1.8600E+07	1.8737E-12
1.8800E+07	1.6055E-12
1.9000E+07	1.3982E-12
1.9150E+07	1.2426E-12
1.9200E+07	1.2025E-12
1.9400E+07	1.0419E-12
1.9500E+07	9.6156E-13
1.9600E+07	8.9722E-13
1.9750E+07	8.0070E-13
1.9800E+07	7.7391E-13
2.0000E+07	6.6671E-13
2.0200E+07	5.7748E-13
2.0250E+07	5.5517E-13
2.0400E+07	4.9943E-13
2.0500E+07	4.6226E-13
2.0600E+07	4.3133E-13
2.0750E+07	3.8494E-13
2.0800E+07	3.7205E-13
2.1000E+07	3.2052E-13
2.1200E+07	2.7762E-13
2.1250E+07	2.6690E-13
2.1400E+07	2.4010E-13
2.1500E+07	2.2223E-13
2.1600E+07	2.0736E-13
2.1750E+07	1.8505E-13
2.1800E+07	1.7886E-13
2.2000E+07	1.5408E-13
2.2200E+07	1.3346E-13
2.2250E+07	1.2831E-13
2.2400E+07	1.1542E-13
2.2500E+07	1.0684E-13
2.2600E+07	9.9688E-14
2.2750E+07	8.8966E-14
2.2800E+07	8.5989E-14
2.3000E+07	7.4080E-14
2.3200E+07	6.4166E-14
2.3250E+07	6.1687E-14
2.3400E+07	5.5493E-14
2.3500E+07	5.1364E-14
2.3600E+07	4.7927E-14
2.3750E+07	4.2771E-14
2.3800E+07	4.1340E-14
2.4000E+07	3.5614E-14
2.4200E+07	3.0847E-14
2.4250E+07	2.9656E-14
2.4400E+07	2.6678E-14
2.4500E+07	2.4693E-14
2.4600E+07	2.3041E-14
2.4750E+07	2.0562E-14
2.4800E+07	1.9874E-14
2.5000E+07	1.7121E-14
2.5200E+07	1.4830E-14
2.5250E+07	1.4257E-14
2.5400E+07	1.2826E-14
2.5500E+07	1.1872E-14
2.5600E+07	1.1077E-14
2.5750E+07	9.8855E-15
2.5800E+07	9.5547E-15
2.6000E+07	8.2313E-15
2.6200E+07	7.1297E-15
2.6250E+07	6.8543E-15
2.6400E+07	6.1661E-15
2.6500E+07	5.7073E-15
2.6600E+07	5.3254E-15
2.6750E+07	4.7525E-15
2.6800E+07	4.5935E-15
2.7000E+07	3.9573E-15
2.7200E+07	3.4276E-15
2.7250E+07	3.2952E-15
2.7400E+07	2.9644E-15
2.7500E+07	2.7438E-15
2.7600E+07	2.5602E-15
2.7750E+07	2.2848E-15
2.7800E+07	2.2083E-15
2.8000E+07	1.9024E-15
2.8200E+07	1.6478E-15
2.8250E+07	1.5841E-15
2.8400E+07	1.4251E-15
2.8500E+07	1.3191E-15
2.8600E+07	1.2308E-15
2.8750E+07	1.0984E-15
2.8800E+07	1.0616E-15
2.9000E+07	9.1462E-16
2.9200E+07	7.9220E-16
2.9250E+07	7.6160E-16
2.9400E+07	6.8514E-16
2.9500E+07	6.3416E-16
2.9600E+07	5.9172E-16
2.9750E+07	5.2807E-16
2.9800E+07	5.1039E-16
3.0000E+07	4.3970E-16

