E	sigma_t	sigma_s
1.0000E-05	1.1773E+03	1.1605E+03
1.0625E-05	1.1421E+03	1.1259E+03
1.1250E-05	1.1100E+03	1.0942E+03
1.1875E-05	1.0804E+03	1.0650E+03
1.2500E-05	1.0530E+03	1.0380E+03
1.3750E-05	1.0040E+03	9.8975E+02
1.5000E-05	9.6129E+02	9.4763E+02
1.6250E-05	9.2360E+02	9.1047E+02
1.7500E-05	8.9001E+02	8.7736E+02
1.8750E-05	8.5985E+02	8.4763E+02
2.0000E-05	8.3256E+02	8.2073E+02
2.1875E-05	7.9610E+02	7.8478E+02
2.3750E-05	7.6405E+02	7.5319E+02
2.5625E-05	7.3558E+02	7.2513E+02
2.7500E-05	7.1008E+02	6.9999E+02
2.9375E-05	6.8706E+02	6.7729E+02
3.1250E-05	6.6614E+02	6.5668E+02
3.3125E-05	6.4703E+02	6.3784E+02
3.5000E-05	6.2948E+02	6.2053E+02
3.8750E-05	5.9827E+02	5.8977E+02
4.2500E-05	5.7130E+02	5.6318E+02
4.6250E-05	5.4767E+02	5.3989E+02
5.0000E-05	5.2676E+02	5.1928E+02
5.3125E-05	5.1105E+02	5.0379E+02
5.6250E-05	4.9668E+02	4.8962E+02
5.9375E-05	4.8345E+02	4.7658E+02
6.2500E-05	4.7123E+02	4.6453E+02
6.8750E-05	4.4933E+02	4.4295E+02
7.5000E-05	4.3024E+02	4.2413E+02
8.1250E-05	4.1339E+02	4.0752E+02
8.7500E-05	3.9839E+02	3.9273E+02
9.3750E-05	3.8491E+02	3.7944E+02
1.0000E-04	3.7272E+02	3.6743E+02
1.0625E-04	3.6162E+02	3.5648E+02
1.1250E-04	3.5146E+02	3.4647E+02
1.1875E-04	3.4211E+02	3.3726E+02
1.2500E-04	3.3348E+02	3.2874E+02
1.3750E-04	3.1801E+02	3.1350E+02
1.5000E-04	3.0452E+02	3.0020E+02
1.6250E-04	2.9262E+02	2.8847E+02
1.7500E-04	2.8202E+02	2.7802E+02
1.8750E-04	2.7250E+02	2.6864E+02
2.0000E-04	2.6389E+02	2.6015E+02
2.1875E-04	2.5239E+02	2.4881E+02
2.3750E-04	2.4228E+02	2.3885E+02
2.5625E-04	2.3331E+02	2.3000E+02
2.7500E-04	2.2527E+02	2.2208E+02
2.9375E-04	2.1801E+02	2.1492E+02
3.1250E-04	2.1142E+02	2.0843E+02
3.3125E-04	2.0540E+02	2.0249E+02
3.5000E-04	1.9987E+02	1.9704E+02
3.8750E-04	1.9005E+02	1.8736E+02
4.2500E-04	1.8155E+02	1.7899E+02
4.6250E-04	1.7412E+02	1.7166E+02
5.0000E-04	1.6755E+02	1.6518E+02
5.3125E-04	1.6261E+02	1.6031E+02
5.6250E-04	1.5809E+02	1.5586E+02
5.9375E-04	1.5394E+02	1.5176E+02
6.2500E-04	1.5010E+02	1.4798E+02
6.8750E-04	1.4323E+02	1.4121E+02
7.5000E-04	1.3724E+02	1.3531E+02
8.1250E-04	1.3196E+02	1.3010E+02
8.7500E-04	1.2726E+02	1.2547E+02
9.3750E-04	1.2305E+02	1.2132E+02
1.0000E-03	1.1923E+02	1.1756E+02
1.0625E-03	1.1576E+02	1.1414E+02
1.1250E-03	1.1259E+02	1.1101E+02
1.1875E-03	1.0968E+02	1.0814E+02
1.2500E-03	1.0698E+02	1.0549E+02
1.3750E-03	1.0217E+02	1.0074E+02
1.5000E-03	9.7971E+01	9.6604E+01
1.6250E-03	9.4275E+01	9.2962E+01
1.7500E-03	9.0988E+01	8.9723E+01
1.8750E-03	8.8040E+01	8.6818E+01
2.0000E-03	8.5378E+01	8.4194E+01
2.1875E-03	8.1827E+01	8.0696E+01
2.3750E-03	7.8713E+01	7.7628E+01
2.5625E-03	7.5954E+01	7.4909E+01
2.7500E-03	7.3489E+01	7.2479E+01
2.9375E-03	7.1268E+01	7.0292E+01
3.1250E-03	6.9255E+01	6.8308E+01
3.3125E-03	6.7420E+01	6.6500E+01
3.5000E-03	6.5738E+01	6.4844E+01
3.8750E-03	6.2759E+01	6.1909E+01
4.2500E-03	6.0196E+01	5.9384E+01
4.6250E-03	5.7961E+01	5.7183E+01
5.0000E-03	5.5992E+01	5.5244E+01
5.3125E-03	5.4519E+01	5.3793E+01
5.6250E-03	5.3176E+01	5.2471E+01
5.9375E-03	5.1945E+01	5.1259E+01
6.2500E-03	5.0812E+01	5.0143E+01
6.8750E-03	4.8794E+01	4.8156E+01
7.5000E-03	4.7046E+01	4.6435E+01
8.1250E-03	4.5516E+01	4.4929E+01
8.7500E-03	4.4163E+01	4.3598E+01
9.3750E-03	4.2957E+01	4.2410E+01
1.0000E-02	4.1873E+01	4.1344E+01
1.0625E-02	4.0894E+01	4.0381E+01
1.1250E-02	4.0004E+01	3.9505E+01
1.1875E-02	3.9191E+01	3.8706E+01
1.2500E-02	3.8445E+01	3.7972E+01
1.3750E-02	3.7123E+01	3.6672E+01
1.5000E-02	3.5986E+01	3.5554E+01
1.6250E-02	3.4996E+01	3.4581E+01
1.7500E-02	3.4127E+01	3.3727E+01
1.8750E-02	3.3356E+01	3.2969E+01
2.0000E-02	3.2668E+01	3.2293E+01
2.1325E-02	3.2014E+01	3.1652E+01
2.2650E-02	3.1427E+01	3.1075E+01
2.3975E-02	3.0896E+01	3.0554E+01
2.5300E-02	3.0414E+01	3.0081E+01
2.6844E-02	2.9905E+01	2.9582E+01
2.8388E-02	2.9445E+01	2.9131E+01
3.1475E-02	2.8647E+01	2.8349E+01
3.4563E-02	2.7977E+01	2.7693E+01
3.7650E-02	2.7408E+01	2.7135E+01
4.0738E-02	2.6917E+01	2.6655E+01
4.3825E-02	2.6491E+01	2.6238E+01
4.6913E-02	2.6117E+01	2.5872E+01
5.0000E-02	2.5786E+01	2.5549E+01
5.3125E-02	2.5487E+01	2.5258E+01
5.6250E-02	2.5221E+01	2.4997E+01
5.9375E-02	2.4980E+01	2.4763E+01
6.2500E-02	2.4763E+01	2.4551E+01
6.8750E-02	2.4386E+01	2.4184E+01
7.5000E-02	2.4069E+01	2.3876E+01
8.1250E-02	2.3799E+01	2.3614E+01
8.7500E-02	2.3567E+01	2.3388E+01
9.3750E-02	2.3366E+01	2.3193E+01
1.0000E-01	2.3189E+01	2.3021E+01
1.0625E-01	2.3032E+01	2.2870E+01
1.1250E-01	2.2893E+01	2.2735E+01
1.1875E-01	2.2768E+01	2.2614E+01
1.2500E-01	2.2655E+01	2.2505E+01
1.3750E-01	2.2460E+01	2.2318E+01
1.5000E-01	2.2297E+01	2.2161E+01
1.6250E-01	2.2160E+01	2.2028E+01
1.7500E-01	2.2041E+01	2.1915E+01
1.8750E-01	2.1938E+01	2.1816E+01
2.0000E-01	2.1848E+01	2.1730E+01
2.1875E-01	2.1732E+01	2.1619E+01
2.3750E-01	2.1634E+01	2.1525E+01
2.5625E-01	2.1550E+01	2.1446E+01
2.7500E-01	2.1478E+01	2.1377E+01
2.9375E-01	2.1414E+01	2.1317E+01
3.1250E-01	2.1359E+01	2.1264E+01
3.3125E-01	2.1309E+01	2.1217E+01
3.5000E-01	2.1265E+01	2.1175E+01
3.8750E-01	2.1189E+01	2.1104E+01
4.2500E-01	2.1126E+01	2.1045E+01
5.0000E-01	2.1028E+01	2.0953E+01
6.2500E-01	2.0917E+01	2.0850E+01
7.5000E-01	2.0842E+01	2.0781E+01
8.7500E-01	2.0788E+01	2.0732E+01
1.0000E+00	2.0748E+01	2.0695E+01
1.2500E+00	2.0690E+01	2.0643E+01
1.5000E+00	2.0652E+01	2.0608E+01
1.7500E+00	2.0624E+01	2.0584E+01
2.0000E+00	2.0603E+01	2.0565E+01
2.3750E+00	2.0579E+01	2.0545E+01
2.7500E+00	2.0562E+01	2.0530E+01
3.1250E+00	2.0548E+01	2.0518E+01
3.5000E+00	2.0538E+01	2.0510E+01
4.2500E+00	2.0522E+01	2.0496E+01
5.0000E+00	2.0511E+01	2.0487E+01
6.2500E+00	2.0498E+01	2.0477E+01
7.5000E+00	2.0489E+01	2.0470E+01
8.7500E+00	2.0482E+01	2.0464E+01
1.0000E+01	2.0477E+01	2.0461E+01
1.2500E+01	2.0470E+01	2.0455E+01
1.5000E+01	2.0465E+01	2.0451E+01
1.7500E+01	2.0461E+01	2.0449E+01
2.0000E+01	2.0458E+01	2.0446E+01
2.3750E+01	2.0455E+01	2.0444E+01
2.7500E+01	2.0452E+01	2.0442E+01
3.1250E+01	2.0450E+01	2.0440E+01
3.5000E+01	2.0448E+01	2.0439E+01
4.2500E+01	2.0445E+01	2.0436E+01
5.0000E+01	2.0442E+01	2.0435E+01
6.2500E+01	2.0438E+01	2.0432E+01
7.5000E+01	2.0436E+01	2.0429E+01
8.7500E+01	2.0433E+01	2.0427E+01
1.0000E+02	2.0431E+01	2.0425E+01
1.2500E+02	2.0426E+01	2.0421E+01
1.5000E+02	2.0422E+01	2.0418E+01
1.7500E+02	2.0418E+01	2.0414E+01
2.0000E+02	2.0414E+01	2.0410E+01
2.3750E+02	2.0409E+01	2.0405E+01
2.7500E+02	2.0403E+01	2.0400E+01
3.1250E+02	2.0398E+01	2.0395E+01
3.5000E+02	2.0393E+01	2.0390E+01
4.2500E+02	2.0382E+01	2.0380E+01
5.0000E+02	2.0372E+01	2.0370E+01
6.2500E+02	2.0355E+01	2.0353E+01
7.5000E+02	2.0338E+01	2.0336E+01
8.7500E+02	2.0321E+01	2.0319E+01
1.0000E+03	2.0304E+01	2.0303E+01
1.2500E+03	2.0271E+01	2.0270E+01
1.5000E+03	2.0238E+01	2.0237E+01
1.7500E+03	2.0205E+01	2.0204E+01
2.0000E+03	2.0172E+01	2.0171E+01
2.2500E+03	2.0140E+01	2.0139E+01
2.5000E+03	2.0107E+01	2.0106E+01
2.7500E+03	2.0075E+01	2.0074E+01
3.0000E+03	2.0042E+01	2.0041E+01
3.2500E+03	2.0010E+01	2.0009E+01
3.5000E+03	1.9978E+01	1.9977E+01
4.0000E+03	1.9914E+01	1.9914E+01
4.5000E+03	1.9851E+01	1.9851E+01
5.0000E+03	1.9788E+01	1.9788E+01
5.5000E+03	1.9726E+01	1.9725E+01
6.0000E+03	1.9664E+01	1.9663E+01
6.5000E+03	1.9603E+01	1.9602E+01
7.0000E+03	1.9542E+01	1.9541E+01
8.0000E+03	1.9421E+01	1.9420E+01
9.0000E+03	1.9302E+01	1.9302E+01
1.0000E+04	1.9185E+01	1.9184E+01
1.1000E+04	1.9070E+01	1.9069E+01
1.2000E+04	1.8955E+01	1.8955E+01
1.3000E+04	1.8843E+01	1.8843E+01
1.4000E+04	1.8732E+01	1.8731E+01
1.6000E+04	1.8514E+01	1.8514E+01
1.8000E+04	1.8303E+01	1.8302E+01
2.0000E+04	1.8096E+01	1.8096E+01
2.2000E+04	1.7896E+01	1.7895E+01
2.4000E+04	1.7700E+01	1.7700E+01
2.6000E+04	1.7509E+01	1.7509E+01
2.8000E+04	1.7323E+01	1.7323E+01
3.0000E+04	1.7141E+01	1.7141E+01
3.2500E+04	1.6924E+01	1.6924E+01
3.5000E+04	1.6707E+01	1.6706E+01
4.0000E+04	1.6297E+01	1.6296E+01
4.5000E+04	1.5910E+01	1.5909E+01
5.0000E+04	1.5544E+01	1.5544E+01
5.5000E+04	1.5197E+01	1.5197E+01
6.0000E+04	1.4869E+01	1.4868E+01
6.5000E+04	1.4556E+01	1.4556E+01
7.0000E+04	1.4260E+01	1.4259E+01
7.5000E+04	1.3977E+01	1.3977E+01
8.0000E+04	1.3707E+01	1.3707E+01
8.5000E+04	1.3450E+01	1.3450E+01
9.0000E+04	1.3204E+01	1.3204E+01
9.5000E+04	1.2969E+01	1.2969E+01
1.0000E+05	1.2744E+01	1.2744E+01
1.1000E+05	1.2321E+01	1.2321E+01
1.2000E+05	1.1931E+01	1.1931E+01
1.3000E+05	1.1571E+01	1.1571E+01
1.4000E+05	1.1236E+01	1.1236E+01
1.5000E+05	1.0925E+01	1.0925E+01
1.6000E+05	1.0635E+01	1.0635E+01
1.7000E+05	1.0363E+01	1.0363E+01
1.8000E+05	1.0109E+01	1.0109E+01
1.9000E+05	9.8700E+00	9.8699E+00
2.0000E+05	9.6451E+00	9.6450E+00
2.2000E+05	9.2325E+00	9.2325E+00
2.4000E+05	8.8631E+00	8.8631E+00
2.6000E+05	8.5303E+00	8.5302E+00
2.8000E+05	8.2287E+00	8.2287E+00
3.0000E+05	7.9540E+00	7.9540E+00
3.2000E+05	7.7027E+00	7.7027E+00
3.4000E+05	7.4718E+00	7.4718E+00
3.6000E+05	7.2589E+00	7.2588E+00
3.8000E+05	7.0617E+00	7.0617E+00
4.0000E+05	6.8787E+00	6.8786E+00
4.2000E+05	6.7082E+00	6.7081E+00
4.4000E+05	6.5489E+00	6.5488E+00
4.6000E+05	6.3997E+00	6.3997E+00
4.8000E+05	6.2597E+00	6.2596E+00
5.0000E+05	6.1279E+00	6.1279E+00
5.5000E+05	5.8299E+00	5.8299E+00
6.0000E+05	5.5696E+00	5.5695E+00
6.5000E+05	5.3397E+00	5.3396E+00
7.0000E+05	5.1349E+00	5.1348E+00
7.5000E+05	4.9510E+00	4.9509E+00
8.0000E+05	4.7846E+00	4.7846E+00
8.5000E+05	4.6333E+00	4.6332E+00
9.0000E+05	4.4947E+00	4.4947E+00
9.5000E+05	4.3673E+00	4.3673E+00
1.0000E+06	4.2495E+00	4.2495E+00
1.1000E+06	4.0385E+00	4.0385E+00
1.2000E+06	3.8542E+00	3.8542E+00
1.3000E+06	3.6913E+00	3.6913E+00
1.4000E+06	3.5458E+00	3.5458E+00
1.5000E+06	3.4147E+00	3.4147E+00
1.6000E+06	3.2957E+00	3.2956E+00
1.7000E+06	3.1868E+00	3.1868E+00
1.8000E+06	3.0868E+00	3.0867E+00
1.9000E+06	2.9943E+00	2.9942E+00
2.0000E+06	2.9084E+00	2.9084E+00
2.2000E+06	2.7535E+00	2.7534E+00
2.4000E+06	2.6170E+00	2.6170E+00
2.6000E+06	2.4954E+00	2.4954E+00
2.8000E+06	2.3860E+00	2.3860E+00
3.0000E+06	2.2869E+00	2.2869E+00
3.2000E+06	2.1964E+00	2.1964E+00
3.4000E+06	2.1134E+00	2.1133E+00
3.6000E+06	2.0368E+00	2.0367E+00
3.8000E+06	1.9658E+00	1.9658E+00
4.0000E+06	1.8998E+00	1.8998E+00
4.2000E+06	1.8382E+00	1.8382E+00
4.4000E+06	1.7806E+00	1.7806E+00
4.6000E+06	1.7265E+00	1.7265E+00
4.8000E+06	1.6756E+00	1.6756E+00
5.0000E+06	1.6276E+00	1.6275E+00
5.2000E+06	1.5822E+00	1.5822E+00
5.4000E+06	1.5393E+00	1.5392E+00
5.6000E+06	1.4985E+00	1.4985E+00
5.8000E+06	1.4598E+00	1.4598E+00
6.0000E+06	1.4230E+00	1.4230E+00
6.2000E+06	1.3879E+00	1.3879E+00
6.4000E+06	1.3545E+00	1.3544E+00
6.6000E+06	1.3225E+00	1.3225E+00
6.8000E+06	1.2919E+00	1.2919E+00
7.0000E+06	1.2627E+00	1.2627E+00
7.5000E+06	1.1947E+00	1.1947E+00
8.0000E+06	1.1333E+00	1.1333E+00
8.5000E+06	1.0775E+00	1.0774E+00
9.0000E+06	1.0265E+00	1.0265E+00
9.5000E+06	9.7984E-01	9.7981E-01
1.0000E+07	9.3691E-01	9.3687E-01
1.0500E+07	8.9728E-01	8.9725E-01
1.1000E+07	8.6061E-01	8.6058E-01
1.1500E+07	8.2657E-01	8.2654E-01
1.2000E+07	7.9490E-01	7.9487E-01
1.2500E+07	7.6536E-01	7.6533E-01
1.3000E+07	7.3774E-01	7.3771E-01
1.3500E+07	7.1187E-01	7.1184E-01
1.4000E+07	6.8759E-01	6.8756E-01
1.4500E+07	6.6476E-01	6.6474E-01
1.5000E+07	6.4327E-01	6.4324E-01
1.5500E+07	6.2298E-01	6.2295E-01
1.6000E+07	6.0382E-01	6.0379E-01
1.6500E+07	5.8569E-01	5.8566E-01
1.7000E+07	5.6851E-01	5.6848E-01
1.7500E+07	5.5221E-01	5.5219E-01
1.8000E+07	5.3673E-01	5.3670E-01
1.8500E+07	5.2201E-01	5.2198E-01
1.9000E+07	5.0799E-01	5.0796E-01
1.9500E+07	4.9462E-01	4.9459E-01
2.0000E+07	4.8187E-01	4.8184E-01
